  -7.6295700e+00   4.7672520e-02
  -7.6092200e+00   4.7186170e-02
  -7.5888700e+00   5.2308090e-02
  -7.5685200e+00   5.3221310e-02
  -7.5481700e+00   5.5598970e-02
  -7.5278200e+00   5.8054300e-02
  -7.5074700e+00   6.1012810e-02
  -7.4871200e+00   6.3799330e-02
  -7.4667700e+00   7.0273680e-02
  -7.4464200e+00   6.9851890e-02
  -7.4260700e+00   7.6031250e-02
  -7.4057200e+00   8.0878740e-02
  -7.3853700e+00   8.1172480e-02
  -7.3650200e+00   8.7243780e-02
  -7.3446700e+00   8.9633950e-02
  -7.3243200e+00   9.9012100e-02
  -7.3039700e+00   1.0341061e-01
  -7.2836200e+00   1.0704918e-01
  -7.2632700e+00   1.1454185e-01
  -7.2429200e+00   1.1807806e-01
  -7.2225700e+00   1.2515112e-01
  -7.2022200e+00   1.3026540e-01
  -7.1818700e+00   1.3494874e-01
  -7.1615200e+00   1.4535170e-01
  -7.1411700e+00   1.7296381e-01
  -7.1208200e+00   2.8596701e-01
  -7.1004700e+00   3.8048564e-01
  -7.0801200e+00   4.2041730e-01
  -7.0597700e+00   3.6033502e-01
  -7.0394200e+00   1.5276189e-01
  -7.0190700e+00   1.1572507e-01
  -6.9987200e+00   1.1254557e-01
  -6.9783700e+00   1.1642773e-01
  -6.9580200e+00   1.1041477e-01
  -6.9376700e+00   1.0938776e-01
  -6.9173300e+00   1.0914471e-01
  -6.8969800e+00   1.0955786e-01
  -6.8766300e+00   1.0690895e-01
  -6.8562800e+00   1.0840455e-01
  -6.8359300e+00   1.1092527e-01
  -6.8155800e+00   1.1564575e-01
  -6.7952300e+00   1.1748926e-01
  -6.7748800e+00   1.0955436e-01
  -6.7545300e+00   9.1731680e-02
  -6.7341800e+00   7.8881820e-02
  -6.7138300e+00   7.5109360e-02
  -6.6934800e+00   7.5183490e-02
  -6.6731300e+00   7.2549450e-02
  -6.6527800e+00   6.7811830e-02
  -6.6324300e+00   6.6271440e-02
  -6.6120800e+00   6.2650590e-02
  -6.5917300e+00   5.9709570e-02
  -6.5713800e+00   6.0765290e-02
  -6.5510300e+00   5.7780040e-02
  -6.5306800e+00   5.4655710e-02
  -6.5103300e+00   5.6862990e-02
  -6.4899800e+00   5.2365170e-02
  -6.4696300e+00   5.3837810e-02
  -6.4492800e+00   5.1464180e-02
  -6.4289300e+00   4.9976800e-02
  -6.4085800e+00   4.9565310e-02
  -6.3882300e+00   5.4320790e-02
  -6.3678800e+00   5.3146480e-02
  -6.3475300e+00   5.4553320e-02
  -6.3271800e+00   5.3561670e-02
  -6.3068300e+00   5.3990390e-02
  -6.2864800e+00   5.6108840e-02
  -6.2661300e+00   5.6982650e-02
  -6.2457800e+00   6.0426420e-02
  -6.2254300e+00   6.4608110e-02
  -6.2050800e+00   6.2678780e-02
  -6.1847300e+00   6.4801690e-02
  -6.1643800e+00   6.8107530e-02
  -6.1440300e+00   7.2948130e-02
  -6.1236900e+00   7.3021310e-02
  -6.1033400e+00   7.5539800e-02
  -6.0829900e+00   8.0207920e-02
  -6.0626400e+00   8.3839610e-02
  -6.0422900e+00   9.0663270e-02
  -6.0219400e+00   9.1859620e-02
  -6.0015900e+00   9.4405370e-02
  -5.9812400e+00   9.3498260e-02
  -5.9608900e+00   1.0049325e-01
  -5.9405400e+00   1.1133543e-01
  -5.9201900e+00   1.1592187e-01
  -5.8998400e+00   1.2312731e-01
  -5.8794900e+00   1.2294445e-01
  -5.8591400e+00   1.3210387e-01
  -5.8387900e+00   1.3876934e-01
  -5.8184400e+00   1.4413510e-01
  -5.7980900e+00   1.5721041e-01
  -5.7777400e+00   1.6198709e-01
  -5.7573900e+00   1.6781200e-01
  -5.7370400e+00   1.8216931e-01
  -5.7166900e+00   1.8318621e-01
  -5.6963400e+00   2.0189627e-01
  -5.6759900e+00   2.2595102e-01
  -5.6556400e+00   2.2927405e-01
  -5.6352900e+00   2.4474094e-01
  -5.6149400e+00   2.6487452e-01
  -5.5945900e+00   4.2482990e-01
  -5.5742400e+00   1.0819682e+00
  -5.5538900e+00   1.7530369e+00
  -5.5335400e+00   2.0589961e+00
  -5.5131900e+00   1.8291271e+00
  -5.4928400e+00   1.1253332e+00
  -5.4724900e+00   9.2153909e-01
  -5.4521400e+00   8.6517383e-01
  -5.4317900e+00   8.0406445e-01
  -5.4114400e+00   7.1315249e-01
  -5.3910900e+00   6.8385698e-01
  -5.3707400e+00   6.8836050e-01
  -5.3504000e+00   7.1231386e-01
  -5.3300500e+00   7.3060057e-01
  -5.3097000e+00   7.5928223e-01
  -5.2893500e+00   8.4565631e-01
  -5.2690000e+00   1.0606008e+00
  -5.2486500e+00   1.2836801e+00
  -5.2283000e+00   1.3732935e+00
  -5.2079500e+00   1.2428433e+00
  -5.1876000e+00   1.1819191e+00
  -5.1672500e+00   1.1467895e+00
  -5.1469000e+00   1.1472637e+00
  -5.1265500e+00   1.1625894e+00
  -5.1062000e+00   1.1700646e+00
  -5.0858500e+00   1.1561931e+00
  -5.0655000e+00   1.1372205e+00
  -5.0451500e+00   1.1221832e+00
  -5.0248000e+00   1.1257930e+00
  -5.0044500e+00   1.1182487e+00
  -4.9841000e+00   1.1217924e+00
  -4.9637500e+00   1.0755822e+00
  -4.9434000e+00   1.0555279e+00
  -4.9230500e+00   1.0354425e+00
  -4.9027000e+00   9.9826129e-01
  -4.8823500e+00   9.8178864e-01
  -4.8620000e+00   9.7166651e-01
  -4.8416500e+00   9.4919329e-01
  -4.8213000e+00   8.9930541e-01
  -4.8009500e+00   8.7558441e-01
  -4.7806000e+00   8.6292733e-01
  -4.7602500e+00   8.3547795e-01
  -4.7399000e+00   8.2885977e-01
  -4.7195500e+00   8.0417015e-01
  -4.6992000e+00   7.9533481e-01
  -4.6788500e+00   7.9991379e-01
  -4.6585000e+00   7.9489860e-01
  -4.6381500e+00   8.1133533e-01
  -4.6178000e+00   8.2286765e-01
  -4.5974500e+00   8.5710950e-01
  -4.5771000e+00   8.3407881e-01
  -4.5567600e+00   8.6320006e-01
  -4.5364100e+00   8.8402192e-01
  -4.5160600e+00   9.3145118e-01
  -4.4957100e+00   9.6850514e-01
  -4.4753600e+00   1.0001711e+00
  -4.4550100e+00   1.0337832e+00
  -4.4346600e+00   1.0903701e+00
  -4.4143100e+00   1.1273480e+00
  -4.3939600e+00   1.1842837e+00
  -4.3736100e+00   1.2284230e+00
  -4.3532600e+00   1.2248103e+00
  -4.3329100e+00   1.2452673e+00
  -4.3125600e+00   1.2860543e+00
  -4.2922100e+00   1.3337824e+00
  -4.2718600e+00   1.3535805e+00
  -4.2515100e+00   1.3674672e+00
  -4.2311600e+00   1.3972959e+00
  -4.2108100e+00   1.4424383e+00
  -4.1904600e+00   1.5022239e+00
  -4.1701100e+00   1.6111999e+00
  -4.1497600e+00   1.7397681e+00
  -4.1294100e+00   1.8998691e+00
  -4.1090600e+00   1.9928390e+00
  -4.0887100e+00   2.2041094e+00
  -4.0683600e+00   2.4387209e+00
  -4.0480100e+00   2.6577937e+00
  -4.0276600e+00   2.8782647e+00
  -4.0073100e+00   3.1197931e+00
  -3.9869600e+00   3.3907715e+00
  -3.9666100e+00   3.7689035e+00
  -3.9462600e+00   4.1379354e+00
  -3.9259100e+00   4.5218536e+00
  -3.9055600e+00   5.0251228e+00
  -3.8852100e+00   5.3065954e+00
  -3.8648600e+00   5.8643302e+00
  -3.8445100e+00   6.5212536e+00
  -3.8241600e+00   7.5721575e+00
  -3.8038100e+00   8.4166803e+00
  -3.7834700e+00   9.2165508e+00
  -3.7631200e+00   1.0080943e+01
  -3.7427700e+00   1.1037193e+01
  -3.7224200e+00   1.1885639e+01
  -3.7020700e+00   1.2800204e+01
  -3.6817200e+00   1.3822928e+01
  -3.6613700e+00   1.4465866e+01
  -3.6410200e+00   1.5470894e+01
  -3.6206700e+00   1.6533147e+01
  -3.6003200e+00   1.7602317e+01
  -3.5799700e+00   1.8582651e+01
  -3.5596200e+00   1.9722700e+01
  -3.5392700e+00   2.0755495e+01
  -3.5189200e+00   2.2002607e+01
  -3.4985700e+00   2.2999318e+01
  -3.4782200e+00   2.4103107e+01
  -3.4578700e+00   2.5277502e+01
  -3.4375200e+00   2.6549236e+01
  -3.4171700e+00   2.7878068e+01
  -3.3968200e+00   2.9319620e+01
  -3.3764700e+00   3.0694079e+01
  -3.3561200e+00   3.2250721e+01
  -3.3357700e+00   3.3714112e+01
  -3.3154200e+00   3.5495949e+01
  -3.2950700e+00   3.7020757e+01
  -3.2747200e+00   3.8981642e+01
  -3.2543700e+00   4.0932622e+01
  -3.2340200e+00   4.2746146e+01
  -3.2136700e+00   4.4785857e+01
  -3.1933200e+00   4.7057153e+01
  -3.1729700e+00   4.9167050e+01
  -3.1526200e+00   5.1464542e+01
  -3.1322700e+00   5.3838612e+01
  -3.1119200e+00   5.6220745e+01
  -3.0915700e+00   5.8863346e+01
  -3.0712200e+00   6.1771052e+01
  -3.0508700e+00   6.4542979e+01
  -3.0305200e+00   6.7447055e+01
  -3.0101700e+00   7.0596166e+01
  -2.9898300e+00   0.0000000e+00
